w_n = 3.383207256;
zeta = 0.5911550338;
